-1.766743302350000100e+00 1.470305681229999939e+00
2.760896444320000143e+00 1.715367317199999908e+00
7.278649806979999859e+00 1.727032780650000099e+00
1.203497314450000033e+01 1.777015566830000060e+00
1.653924369810000172e+01 1.857517957690000054e+00
2.103355026250000037e+01 1.905797839159999896e+00
2.582454490659999990e+01 1.823697805399999927e+00
2.900814628599999878e+01 1.688182711600000108e+00
3.285398864750000314e+01 1.532363057139999984e+00
3.605413055420000035e+01 1.405986785889999924e+00
3.964032745360000121e+01 1.332922339440000048e+00
4.184113693239999776e+01 4.617002308370000141e-01
4.379493713379999775e+01 -8.243304491039999959e-01
4.531212997440000123e+01 -2.631239175800000218e+00
4.615539169310000034e+01 -4.625018596650000369e+00
4.642206573490000210e+01 -7.102548599240000371e+00
4.653215026859999881e+01 -9.607141494749999566e+00
4.637611389159999931e+01 -1.195250415799999999e+01
4.584017181400000140e+01 -1.440872955320000059e+01
4.509238052370000105e+01 -1.651977539059999955e+01
4.366311264040000140e+01 -1.909527397160000106e+01
4.137154388430000296e+01 -2.174548339840000111e+01
3.789014816280000275e+01 -2.408298683170000132e+01
3.461986160280000036e+01 -2.553773498540000020e+01
3.123778724670000173e+01 -2.640745925899999946e+01
2.743511009219999863e+01 -2.759465408330000002e+01
2.448672103879999895e+01 -2.827119636540000158e+01
2.193988990780000137e+01 -2.853928947449999853e+01
1.777622604369999948e+01 -2.749943733219999942e+01
1.497274208069999979e+01 -2.515460777279999860e+01
1.346402740479999949e+01 -2.370303535460000077e+01
1.135175418849999929e+01 -2.193762779240000071e+01
9.284819602969999863e+00 -2.039031410220000140e+01
7.483360290530000292e+00 -1.891961479189999906e+01
4.775957584380000398e+00 -1.749811553960000055e+01
1.287591457370000025e+00 -1.733320999149999864e+01
-1.633889079090000029e+00 -1.827589225770000070e+01
-3.179487466809999940e+00 -2.172905540469999863e+01
-3.273709774019999852e+00 -2.502049064639999898e+01
-3.077980279919999784e+00 -2.742827415469999863e+01
-2.775877714159999954e+00 -3.008286857599999919e+01
-3.418095827100000150e+00 -3.408241271970000241e+01
-5.170421123499999716e+00 -3.714822769170000072e+01
-6.550363063809999886e+00 -4.039131546019999774e+01
-5.864469528199999893e+00 -4.286159515380000329e+01
-4.377575874329999728e+00 -4.494874954219999807e+01
-2.172990322109999983e+00 -4.747681808469999964e+01
1.478730142119999980e-01 -4.876397323610000001e+01
4.088644981379999876e+00 -4.887944412230000069e+01
8.054802894590000761e+00 -4.791603088379999775e+01
1.195993328089999963e+01 -4.765514755249999723e+01
1.495924186709999937e+01 -4.793500518799999810e+01
1.760758590700000070e+01 -4.867554855350000054e+01
1.957051658629999835e+01 -4.977554321289999706e+01
2.260651397710000055e+01 -5.218368530269999894e+01
2.534033966060000154e+01 -5.539107131960000174e+01
2.752600288389999861e+01 -5.872769927979999949e+01
2.916377067570000037e+01 -6.203339767460000331e+01
3.010067939760000044e+01 -6.572196960450000347e+01
3.018470191959999838e+01 -6.902237701420000349e+01
2.928324127200000149e+01 -7.207379150389999722e+01
2.698970031740000053e+01 -7.396245574949999479e+01
2.376495361330000122e+01 -7.439589691160000484e+01
1.998338699339999991e+01 -7.425006103520000522e+01
1.570091915130000082e+01 -7.303000640870000382e+01
1.152437686919999926e+01 -7.198556518549999339e+01
7.554224491120000273e+00 -7.101436614989999896e+01
3.993138313289999797e+00 -7.014752960209999344e+01
-6.681021302940000350e-02 -6.910287475590000383e+01
-3.442270517349999892e+00 -6.723098754880000172e+01
-5.490409851069999903e+00 -6.511196899409999617e+01
-7.245910167689999959e+00 -6.259615707399999707e+01
-9.361226081850000824e+00 -6.031473922730000226e+01
-1.154518032070000011e+01 -5.831230545039999669e+01
-1.441518306729999921e+01 -5.493426513669999878e+01
-1.651867103580000062e+01 -5.256118774410000327e+01
-1.857950210570000138e+01 -5.013944625850000136e+01
-2.181242179870000086e+01 -4.662108612059999757e+01
-2.472670173650000081e+01 -4.347515106200000190e+01
-2.575030326839999972e+01 -4.039811325069999981e+01
-2.604766654970000062e+01 -3.697006225589999673e+01
-2.593156051640000115e+01 -3.261932754520000088e+01
-2.572634124760000063e+01 -2.864410400390000078e+01
-2.500135231020000148e+01 -2.467628860470000163e+01
-2.429224586489999993e+01 -2.086329269410000009e+01
-2.330500793459999898e+01 -1.720359230040000043e+01
-2.213174247739999956e+01 -1.364236831670000072e+01
-2.078852272030000137e+01 -9.280586242680000097e+00
-1.846323966980000009e+01 -6.412536144259999737e+00
-1.560227775569999942e+01 -3.686991453170000099e+00
-1.357450294490000076e+01 -2.166045188900000085e+00
-1.151460170750000067e+01 -8.928627371789999989e-01
-7.043397903439999830e+00 4.401907324789999798e-01
-4.109327316279999920e+00 1.109569430350000108e+00
