-1.205354571340000014e+00 -2.434219598769999937e+00
3.178107500079999870e+00 -1.932328701020000095e+00
7.485589504240000025e+00 -1.813536524769999936e+00
1.213168430330000014e+01 -1.683969378470000056e+00
1.679072570800000008e+01 -1.633978605270000051e+00
2.101596641540000121e+01 -1.577676415440000035e+00
2.594927406309999895e+01 -1.684433937070000109e+00
2.904807090759999966e+01 -1.728878855710000106e+00
3.261196136470000084e+01 -1.836962223050000009e+00
3.595882415770000051e+01 -2.025183677669999849e+00
3.990827178960000055e+01 -3.046914577479999942e+00
4.219787979129999655e+01 -5.731150150300000412e+00
4.264395141600000017e+01 -7.457585811609999560e+00
4.262221145630000052e+01 -9.845609664919999560e+00
4.252406692499999963e+01 -1.147083854679999959e+01
4.215972900389999722e+01 -1.348603057859999943e+01
4.145615005490000016e+01 -1.518188762660000002e+01
4.053256225589999673e+01 -1.687975311279999957e+01
3.851805496219999725e+01 -1.899886322020000051e+01
3.620397567749999723e+01 -2.047091102599999957e+01
3.275867080689999966e+01 -2.197381973270000088e+01
2.847355651859999881e+01 -2.348179245000000037e+01
2.544372177119999989e+01 -2.417145347599999994e+01
2.296429634089999894e+01 -2.449523353580000062e+01
1.879351806640000078e+01 -2.346764183040000162e+01
1.617381286619999869e+01 -2.145248413090000028e+01
1.356388568879999923e+01 -1.886691284180000139e+01
1.188963317870000047e+01 -1.736427307130000131e+01
1.030360794069999919e+01 -1.609937858580000025e+01
6.799457073210000146e+00 -1.386607074740000023e+01
4.328303813929999855e+00 -1.351156330110000070e+01
1.123018741609999926e+00 -1.371390151980000027e+01
-2.753823757170000164e+00 -1.416582679749999940e+01
-4.814543247219999600e+00 -1.567646694179999933e+01
-7.152687549590000415e+00 -1.908358192440000067e+01
-8.184141159059999282e+00 -2.321639442440000067e+01
-7.907784938809999886e+00 -2.723902511600000054e+01
-7.008912086489999638e+00 -3.104509925840000051e+01
-8.421164512629999876e+00 -3.492124938959999980e+01
-1.034380245210000027e+01 -3.931026458739999896e+01
-9.215775489809999499e+00 -4.381499481200000190e+01
-6.920363426209999780e+00 -4.763074874880000209e+01
-4.605972766879999902e+00 -5.054775619509999984e+01
-2.352734804149999803e+00 -5.188927459720000002e+01
-1.658385097979999945e-01 -5.289080810549999967e+01
2.041154146189999796e+00 -5.327228546140000276e+01
4.157392024990000046e+00 -5.336496353150000260e+01
8.751763343809999540e+00 -5.305743408200000033e+01
1.299690341950000061e+01 -5.216452026369999828e+01
1.644636917109999885e+01 -5.255171966550000207e+01
1.958946418760000086e+01 -5.487992477419999915e+01
2.140458488459999842e+01 -5.728863906859999844e+01
2.526243591309999914e+01 -6.339291381839999673e+01
2.620415306090000129e+01 -6.597672271730000659e+01
2.614752388000000138e+01 -6.835556793210000137e+01
2.471014785770000088e+01 -6.991590118409999377e+01
2.112200546260000067e+01 -7.025959014890000276e+01
1.689297866820000138e+01 -6.946488952640000036e+01
1.255055236819999998e+01 -6.842035675050000521e+01
8.614106178280000137e+00 -6.752450561519999894e+01
5.129886627200000326e+00 -6.663642120359999410e+01
1.291830778120000023e+00 -6.551882934569999861e+01
-9.114573597909999547e-01 -6.400048828120000621e+01
-3.192750692370000198e+00 -6.175905227660000207e+01
-4.889761447909999781e+00 -5.992184448239999739e+01
-7.342668056489999984e+00 -5.737907791140000313e+01
-9.324526786799999911e+00 -5.536485671999999880e+01
-1.192705535890000057e+01 -5.258588027950000310e+01
-1.399072170260000014e+01 -5.040508651729999912e+01
-1.585561752319999940e+01 -4.829188537600000330e+01
-1.742136955260000164e+01 -4.634039688109999844e+01
-1.896347999569999843e+01 -4.447200393680000019e+01
-2.086903381349999975e+01 -4.112173080440000206e+01
-2.178309822079999947e+01 -3.955352020259999790e+01
-2.211843299870000124e+01 -3.698089218140000156e+01
-2.237822914119999851e+01 -3.337552642819999704e+01
-2.228916358949999932e+01 -2.980547904970000062e+01
-2.168349456789999863e+01 -2.567263412479999829e+01
-2.083962059019999913e+01 -2.179960441589999931e+01
-1.973385620119999828e+01 -1.806720542909999949e+01
-1.879978179929999982e+01 -1.436905097960000077e+01
-1.748990631099999860e+01 -1.084476470949999971e+01
-1.556116104130000011e+01 -8.869563102720000813e+00
-1.394155979159999958e+01 -7.278768062590000198e+00
-1.183161830899999956e+01 -5.821196079249999933e+00
-9.602931022639999981e+00 -4.786125183110000236e+00
-6.357803821560000124e+00 -3.627846240999999861e+00
-3.796358585360000149e+00 -2.904683589939999866e+00
-1.205354571340000014e+00 -2.434219598769999937e+00
